0
16
65
65
65
65
65
65
67
69
73
81
81
81
81
81
81
81
83
89
97
97
97
97
97
97
97
99
101
113
113
113
113
113
115
129
129
129
129
129
129
129
131
133
137
145
145
145
145
145
145
145
147
153
161
161
161
161
161
161
161
163
165
177
177
177
177
177
177
179
1024
1040
1089
1089
1089
1089
1089
1091
1097
1105
1105
1105
1105
1105
1107
1113
1121
1121
1121
1121
1121
1123
1137
1137
1137
1137
1137
1139
1153
1153
1153
1153
1153
1155
1161
1169
1169
1169
1169
1169
1171
1177
1185
1185
1185
1185
1185
1187
1201
1201
1201
1201
1201
1203
